0.901367	0.961426	-0.420166
1.247803	0.989258	-0.426270
1.331787	0.995361	-0.074219
1.150391	1.150146	-0.515625
0.882568	1.004883	-0.927979
0.676025	0.756592	0.145508
-0.009033	1.038086	0.330566
0.033447	1.609131	-0.078369
0.764893	1.999939	-1.404053
0.052734	1.461426	1.259766
-0.179932	0.706787	0.614746
-0.042725	0.297363	0.105713
-0.014648	0.355957	-0.078125
0.042480	0.781250	-0.159668
0.231201	1.124756	0.104492
0.039795	1.162354	0.253906
-0.042236	0.850342	0.290283
0.031738	0.747314	0.369629
0.089844	0.824707	0.453125
0.145508	0.891602	0.554199
0.207764	0.913330	0.446045
0.247803	0.882568	0.292725
0.254150	0.886719	0.260254
0.308594	0.896729	0.281494
0.253418	0.877686	0.343750
0.172607	0.901611	0.110840
0.261230	0.936279	0.058838
0.207520	0.872314	0.502686
0.343018	0.869141	0.101807
0.164062	0.933350	0.232422
0.187012	0.927979	0.134766
0.200684	0.911133	0.180420
0.178467	0.927246	0.238037
0.259277	0.933838	0.233398
0.366699	0.915771	0.172363
0.514160	0.928955	0.207764
0.548096	0.871338	0.316895
0.249756	0.850342	0.381592
0.109619	0.960938	0.211182
0.123047	0.999756	0.187012
0.116211	1.065674	0.349854
0.295410	1.248047	0.299561
0.623047	1.072998	0.237305
0.724609	0.992920	0.120605
0.598877	1.069580	-0.152588
0.313477	1.087402	-0.499756
0.005615	1.136475	-0.231689
-0.201416	1.041992	-0.051270
-0.226562	1.166504	0.184814
-0.225098	1.283447	0.364014
-0.081299	1.150146	0.237793
0.209229	1.405029	0.314697
0.296875	1.156006	-0.018066
0.390381	0.989990	0.036621
0.330322	0.984863	0.108887
0.156006	1.028320	0.042236
-0.124512	1.001221	0.034912
-0.334473	1.063477	0.133057
-0.087158	0.866211	-0.093750
0.278809	0.680908	-0.169922
0.355713	0.678711	-0.183838
0.030273	0.776611	-0.075439
-0.003662	0.763672	-0.068115
0.015137	0.798340	0.055908
0.075439	0.767090	0.045410
0.139404	0.730225	0.018066
0.174805	0.666748	0.020996
0.272949	0.621826	0.043457
0.409668	0.668457	0.182861
0.523926	0.770752	0.255859
0.694336	0.903076	0.324707
0.763672	0.976074	0.249512
0.930176	0.979736	0.138916
1.091309	0.917480	0.113281
1.270752	0.929199	-0.126709
0.573242	1.185791	-0.137207
0.174561	1.471191	0.184814
0.538086	1.697021	-0.462891
1.025879	1.596680	-0.385010
-0.095215	1.066406	0.754639
-0.104980	0.620605	0.191406
-0.218262	0.433594	-0.103760
-0.315918	0.672607	-0.362549
-0.128418	1.181641	-0.183350
0.005371	1.308350	0.084717
0.050537	1.122314	0.281738
-0.044678	0.836670	0.364502
-0.151367	0.759521	0.467773
-0.193848	0.876953	0.625000
-0.175049	0.913574	0.731934
-0.015381	0.929932	0.458984
0.064697	0.894775	0.267334
0.141846	0.897217	0.200439
0.142090	0.969482	0.188232
0.189209	0.986084	0.223145
0.242920	0.962402	0.256104
0.308594	0.932861	0.264893
0.330322	0.890137	0.283203
0.331299	0.852051	0.275391
0.311523	0.842773	0.254150
0.295654	0.882568	0.245361
0.288086	0.914307	0.252197
0.201416	0.926514	0.257324
0.149414	0.960205	0.289307
0.103027	0.960938	0.315918
0.084229	0.968018	0.340332
0.027832	0.954590	0.385498
-0.001221	0.988281	0.468506
-0.011475	0.920166	0.462646
0.023193	0.836426	0.399414
0.119873	0.827148	0.312500
0.286377	0.851318	0.323975
0.458252	0.926758	0.216064
0.660400	0.931396	0.116455
0.276367	0.785889	-0.117432
0.383545	0.767822	-0.260254
0.563232	0.908447	0.008057
0.506348	0.941406	-0.042480
0.402832	1.057129	0.061768
0.555664	1.077148	0.077637
0.520264	1.029297	-0.062744
0.515137	1.020020	-0.308105
0.234619	0.993652	-0.432861
-0.078857	0.971191	-0.152100
-0.082764	0.926025	0.094727
-0.025391	0.871338	0.299072
-0.200928	0.820801	0.307129
-0.400879	0.827637	0.181641
-0.104736	0.831055	0.160156
0.068115	0.908691	0.158447
0.088135	0.938721	0.108154
0.114502	0.959229	0.092041
0.130371	0.958740	0.059082
0.189209	0.924316	0.094727
0.216064	0.907227	0.091309
0.277832	0.951660	0.048584
0.464111	0.947510	-0.074463
0.426758	0.970947	-0.148438
0.367188	0.945068	-0.220947
0.380859	1.140381	-0.283203
0.527832	1.536133	-0.280518
0.212402	1.600830	-0.036621
0.079590	1.486084	-0.172119
-0.207031	1.018311	-0.112793
-0.456299	0.741211	0.156738
-0.364502	0.641113	0.273193
-0.046387	0.641602	0.341797
0.013184	0.756104	0.368408
0.104248	0.842041	0.500732
0.147705	0.856934	0.521484
0.273682	0.841064	0.539062
0.404785	0.797607	0.582520
0.454590	0.841553	0.624023
0.322754	0.858398	0.600098
0.235840	0.884766	0.534668
0.125000	0.894287	0.430664
-0.001953	0.851562	0.360840
-0.202148	0.916260	0.162354
-0.135010	1.010498	-0.009766
0.243408	1.014404	0.145996
0.413818	0.964355	0.270264
0.416504	0.965088	0.226562
0.138916	0.938721	-0.002930
0.089600	0.994141	0.108154
0.011230	0.917969	0.191162
-0.093750	0.827393	0.162842
-0.369873	0.852539	0.263184
-0.252197	0.798828	0.294678
0.146729	0.976318	0.197998
0.241455	0.932617	0.103760
0.401123	0.967285	0.143066
0.307861	0.929688	0.202393
0.098145	0.931641	0.348633
-0.148193	0.969727	0.302490
-0.070801	0.990479	0.379883
-0.025391	1.150879	0.416748
-0.050049	1.242676	0.313965
0.054443	1.253662	0.197266
0.053223	1.160889	0.008057
-0.083496	0.871094	-0.348389
-0.422119	0.836426	-0.419189
-0.327637	0.676025	0.165283
-0.126465	0.701416	0.403809
0.168457	0.857178	0.466553
0.013184	1.278076	0.694824
-0.045166	1.611084	0.573730
0.122314	1.195068	0.218262
0.109131	1.064941	-0.212158
0.123047	1.054688	-0.219727
-0.115967	1.032715	-0.025635
-0.092285	1.053467	0.055664
-0.160400	1.001465	0.078369
-0.139893	0.895996	0.159668
-0.112061	0.833008	0.132812
-0.036377	0.728271	-0.027588
-0.079834	0.704834	-0.031494
-0.174561	0.739014	0.053955
-0.229492	0.723633	0.079834
-0.212891	0.700928	0.079834
-0.125977	0.664795	0.054443
-0.038574	0.705322	-0.020264
0.213135	0.791016	-0.203613
0.509766	1.010742	-0.323242
0.699463	1.338135	-0.509521
0.825928	1.498291	0.007324
0.623779	1.205078	0.032715
0.777344	0.977295	-0.359131
0.521484	1.050293	-0.222168
-0.053711	1.388916	0.054443
-0.416748	1.590576	-0.427246
-0.401611	1.444824	-0.462646
-0.069824	1.454590	0.423340
-0.071045	0.822266	0.256348
-0.169434	0.510010	0.129395
-0.178711	0.426270	0.127686
-0.243408	0.653809	0.200684
-0.038574	0.969971	0.417969
0.083496	1.093018	0.488770
0.187256	0.986572	0.388916
0.380859	0.791504	0.358887
0.636475	0.643066	0.496094
0.457764	0.770020	0.687012
0.171143	0.974854	0.607666
0.008057	0.966064	0.443115
-0.122559	0.978271	0.165283
-1.065186	1.243652	-0.708008
0.002441	1.008545	-0.198975
-0.102295	1.026611	0.171143
0.228516	0.943115	0.116943
0.152588	0.875732	0.274902
0.083984	0.899658	0.427734
0.066162	0.930176	0.239746
-0.075195	0.973633	0.053467
0.132812	0.969971	0.083740
-0.010986	0.921143	0.007568
0.244385	0.981689	0.001709
0.322754	0.964355	0.078125
0.301758	0.942383	0.218018
0.151367	0.874756	0.216064
0.026123	0.844727	0.233398
-0.091309	0.930176	0.210938
-0.057373	1.029785	0.199219
0.124268	1.134033	0.359131
0.116455	1.055176	0.273438
0.241455	1.060303	0.033203
0.428955	1.176758	-0.452637
0.004883	1.276611	-0.552002
-0.238037	1.025635	-0.289795
-0.177246	0.905029	0.305908
-0.178711	0.920166	0.625977
0.049805	1.140625	0.790039
0.210693	1.514160	0.902344
0.214600	1.279785	0.473633
0.193848	1.070557	-0.446533
0.289062	1.057373	-0.281250
0.052979	0.950684	0.099609
0.065430	0.933838	0.216064
-0.001465	0.819092	0.309814
-0.222168	0.773193	0.196289
-0.104980	0.754150	-0.001465
0.007568	0.877197	-0.171143
-0.054199	0.864746	-0.038818
-0.126465	0.775635	0.205566
-0.123779	0.741699	0.250000
-0.167236	0.746094	0.169189
-0.137695	0.761475	0.047607
-0.038086	0.814941	-0.109131
0.176270	0.974365	-0.319336
0.080322	1.241943	-0.722412
0.298828	1.498291	-1.260498
0.760986	1.463135	-0.348389
0.921875	1.354004	0.174072
-0.269531	1.031738	0.470947
-0.496094	0.570312	1.040039
-1.073242	0.807129	0.510498
-0.746338	1.232910	0.173340
-0.618164	1.320312	-0.244873
0.141602	1.425781	-0.104736
0.417725	1.055664	-0.082031
1.999939	-1.800537	-2.000000
-0.743164	0.940918	-1.152100
0.152344	1.031250	0.059326
1.374512	0.850098	0.465576
0.569092	0.739258	0.481934
0.864014	0.979736	1.486816
0.007812	0.821045	0.598389
-0.056641	0.910645	0.594482
0.314941	1.187988	-0.050781
0.252441	1.092041	-0.270996
-0.248779	0.963379	-0.157227
-0.186768	0.936768	-0.031006
0.110596	0.904785	0.083740
0.013916	0.921143	0.138672
-0.062744	0.983398	0.046143
0.104736	1.021240	0.187500
0.034424	1.044922	0.284424
0.019531	0.924316	0.213379
0.031250	0.948242	0.230713
0.196777	0.968262	0.167725
0.250732	0.914551	0.239502
0.247070	0.895264	0.399170
0.114258	0.873535	0.430420
-0.014893	0.869385	0.407715
0.110840	0.867432	0.349365
0.135498	0.888916	0.322998
0.050537	0.864990	0.383057
0.064941	0.878662	0.339844
0.067139	0.908691	0.332031
0.031982	0.888916	0.281006
-0.021729	0.903076	0.233398
-0.015381	0.934082	0.171631
-0.036621	0.905029	0.083984
-0.080078	0.948486	-0.047852
-0.135986	1.076416	-0.211914
-0.226074	1.381836	-0.354492
-0.163818	1.517090	-0.384766
0.176514	1.238770	-0.071045
-0.129395	0.934082	0.154053
-0.086670	0.927246	-0.147217
0.008789	1.056885	-0.159180
0.251953	1.037354	-0.098145
0.213623	1.105225	0.112061
0.239746	1.036133	0.300781
0.010498	1.050781	0.339355
-0.098389	1.113770	0.263672
-0.080078	1.032715	0.181641
0.157715	1.004395	-0.014160
-0.017334	1.044678	-0.124268
-0.226074	1.125977	-0.111572
-0.225586	1.089844	-0.054199
-0.058350	1.019287	-0.057861
-0.204834	0.915283	-0.021973
-0.170654	0.833252	-0.127686
-0.238281	0.702393	-0.172607
-0.244141	0.693359	-0.173340
-0.219727	0.705811	-0.072510
-0.077148	0.718994	-0.093750
0.182617	0.761230	-0.181885
0.429932	0.986572	-0.437988
0.668701	1.203613	-0.376221
0.894775	1.277588	0.000732
0.743164	1.200195	0.229736
0.572998	1.060303	0.244629
0.284180	1.512695	0.332031
0.362793	1.899658	-0.935791
-0.578613	1.647705	0.029541
-0.023682	1.025391	0.430664
-0.031006	0.595947	0.214111
-0.026611	0.375732	-0.015625
-0.041260	0.506104	-0.202637
-0.424316	1.003906	-0.278809
-0.017334	1.193359	0.194092
0.105225	1.058594	0.300781
0.036133	0.832031	0.244385
0.031494	0.830566	0.247314
0.015869	0.859863	0.280273
0.023193	0.842041	0.408203
0.027344	0.807617	0.492676
-0.034180	0.824463	0.541504
-0.181152	0.919922	0.462646
-0.091553	0.984863	0.355713
-0.101074	0.889404	0.191895
-0.075684	0.895752	0.073486
0.033447	0.999023	0.025635
-0.052979	1.096924	-0.634521
0.032959	1.009521	0.291260
0.060303	0.892090	0.275879
-0.130615	0.925049	0.137451
-0.079346	0.920898	0.170898
-0.003906	0.937500	0.168945
-0.001953	0.967041	0.186279
0.044922	0.986572	0.186279
0.088135	1.013184	0.218262
0.193604	1.014404	0.233887
0.251953	0.937256	0.173828
-0.014893	0.923096	0.095459
-0.204346	0.956543	0.236816
-0.211182	1.177246	0.252441
0.018799	1.202393	0.321289
0.341064	1.065674	0.326904
0.264648	1.128662	-0.173340
0.148438	1.143311	-0.305176
0.008789	1.021973	-0.422363
-0.217285	0.924072	-0.126221
-0.166748	0.774414	0.121826
-0.152344	0.965332	0.261230
-0.130371	1.219727	0.320557
-0.333496	1.546875	0.296875
-0.764160	1.604980	0.018555
-0.097900	1.203613	0.123779
0.139648	1.368896	-0.008789
-0.364014	1.218262	0.012939
-0.457031	0.412354	-0.140869
-0.119629	0.683594	-0.033691
0.110596	1.012207	-0.023438
-0.072754	1.077637	-0.168945
-0.280029	0.902588	-0.105957
-0.146240	0.795898	-0.120117
-0.194580	0.729004	-0.114014
-0.180664	0.709229	-0.159668
-0.176025	0.712891	-0.085449
-0.135498	0.706055	-0.023926
-0.080322	0.672852	-0.040771
0.035156	0.671631	-0.068359
0.189209	0.734863	-0.007812
0.399170	0.974365	-0.032715
0.620850	1.168945	0.160156
0.666504	1.202393	0.546875
0.596436	1.218506	0.601074
0.617920	1.081787	0.442383
0.837646	1.022705	0.295410
0.735840	1.281738	0.047363
-0.364746	1.999939	-2.000000
0.322266	1.160889	0.251465
0.168701	1.461914	0.541260
-0.165527	0.971436	0.338623
-0.329102	0.594482	-0.063232
-0.557373	0.574219	-0.657959
-0.056396	0.766846	-0.008057
-0.100342	0.977051	-0.048096
-0.136475	1.041748	-0.036377
-0.153320	1.048584	0.073730
-0.186279	0.933838	0.112793
-0.196045	0.858154	0.165283
-0.224609	0.833252	0.261475
-0.322021	0.875488	0.317139
-0.392578	0.917480	0.376221
-0.358398	0.933594	0.361572
-0.242920	0.921387	0.217041
-0.173096	0.926514	0.164795
-0.148682	0.924561	0.185791
-0.117920	0.975830	0.201660
-0.019287	0.963623	0.228271
0.008057	0.939697	0.253662
0.092529	0.921143	0.250244
0.130859	0.991943	0.151611
0.452148	1.001953	-0.835938
-0.031494	1.042969	0.114502
-0.147705	0.946533	0.127441
-0.172852	0.937500	0.120361
-0.069824	0.894531	0.134766
0.051270	0.936768	0.217041
0.057617	0.932129	0.263672
0.044922	0.879639	0.314697
-0.047363	0.874512	0.337158
-0.209717	0.927246	0.303955
-0.274902	0.992676	0.117432
-0.406738	1.235596	0.006348
-0.366943	1.336670	0.075439
-0.255371	1.290283	0.217529
-0.154785	1.111816	-0.002441
0.040283	0.929443	-0.197998
0.155273	0.786133	-0.281006
0.149414	0.741211	-0.340576
0.004150	0.795898	-0.198730
-0.055420	0.894043	-0.073975
-0.179443	1.066162	-0.047852
-0.210449	1.178955	0.048096
-0.378418	1.400879	0.124512
-0.721924	1.532959	-0.064209
-0.357910	1.269287	0.000732
-0.050537	1.076172	-0.017822
-0.006592	0.948730	-0.171631
-0.039062	0.799316	-0.135254
-0.025146	0.718994	-0.143066
-0.140137	0.746338	-0.065918
-0.226562	0.800049	-0.013428
-0.286865	0.813477	-0.117676
-0.258789	0.875977	-0.102051
-0.177734	0.922119	-0.007812
-0.126709	0.943604	0.088867
-0.041748	0.981689	0.047119
0.012695	1.009277	-0.015137
0.031006	0.996094	-0.006592
0.170898	0.963135	0.042236
0.239746	0.921875	0.117676
0.265137	0.860352	0.070068
0.261230	0.909668	0.084961
0.238037	1.299561	0.262451
0.257812	1.295654	0.303223
0.222900	1.010254	0.105957
0.221680	0.936523	-0.052734
0.380127	1.181396	-0.371582
-0.496338	1.146484	-0.481689
0.110352	1.069092	-0.111816
0.116455	1.122803	0.110840
0.113525	0.957031	0.111328
0.072021	0.773438	0.117188
0.014404	0.790527	0.152588
-0.057373	0.852539	0.177490
-0.064941	0.919678	0.190430
-0.101562	0.976318	0.197266
-0.061768	0.964111	0.218750
-0.231201	0.890137	0.377686
-0.185791	0.922119	0.649902
-0.466797	0.973145	0.706787
-0.233398	0.845703	0.359131
-0.084229	0.767090	0.139160
-0.005859	0.823486	0.238770
0.006348	0.938721	0.353027
0.008057	0.941406	0.334717
0.042969	0.931641	0.283691
0.114746	0.933594	0.266357
0.172607	0.918701	0.290283
0.172363	0.895996	0.342773
0.155273	0.908447	0.380127
0.108398	0.921875	0.342773
0.082275	0.949951	0.219971
0.110840	0.997314	0.090820
0.160645	1.007324	0.110840
0.163574	0.968262	0.158691
0.213135	0.915283	0.181641
0.234619	0.858643	0.171387
0.302734	0.912842	0.217041
0.426758	0.929443	0.257080
0.452881	0.988281	0.278809
0.394775	1.088379	0.274658
0.170654	1.121826	0.218994
-0.024170	1.118164	0.055908
-0.171631	1.167969	-0.246338
-0.036865	0.934326	-0.423340
0.007568	0.818359	-0.183105
-0.295654	1.040039	0.170898
-0.523438	1.230469	0.307617
-0.419678	1.395752	0.478271
-0.026123	1.573975	0.332764
0.009277	1.393555	-0.360107
-0.009033	1.210449	-0.404785
-0.103760	0.970215	-0.183105
-0.154541	0.848877	-0.123779
-0.161865	0.873535	0.003174
-0.059814	0.904297	0.075439
-0.064209	0.837158	-0.018311
-0.016357	0.789795	-0.044922
0.038330	0.798340	-0.115723
-0.030029	0.866699	-0.101562
-0.037842	0.816406	-0.008789
-0.024170	0.797852	0.100586
-0.023926	0.754883	0.089844
-0.003906	0.754150	0.086182
0.104004	0.749512	0.020264
0.222168	0.814941	0.010742
0.305176	0.903564	-0.019043
0.525146	1.106201	-0.071777
0.782715	1.264893	-0.100342
0.972168	1.294678	-0.067383
0.808105	1.222168	-0.191895
0.813232	1.107910	-0.544189
0.333496	1.207520	-0.532715
-0.117188	1.583252	-0.372559
-0.653564	1.461182	-0.589600
-0.041992	1.252686	-0.032959
-0.221680	0.976318	0.138428
-0.277344	0.747559	0.097900
-0.216553	0.614014	0.094727
-0.143066	0.672852	0.150146
-0.142822	0.833008	0.270020
-0.052979	0.982910	0.354736
0.055908	0.995850	0.391846
0.267334	0.899170	0.416260
0.399902	0.805420	0.550049
0.353760	0.834961	0.710938
0.169678	0.862549	0.642822
0.099609	0.871582	0.479736
0.021729	0.892822	0.371094
-0.050537	0.899902	0.193848
-0.004883	0.979492	0.102539
0.071777	1.051025	-0.249268
-0.068359	1.124023	-0.308105
0.153076	1.035645	0.006348
0.302490	0.967041	0.322510
0.379639	0.887695	0.387451
0.071289	0.888916	0.154785
-0.158691	0.983398	0.147705
0.186035	0.949219	0.245117
-0.198486	0.813477	-0.148438
0.252930	0.945068	0.058594
0.398926	0.957031	0.096436
0.327393	0.891113	0.369385
0.233887	0.869629	0.472168
-0.022705	0.858887	0.343994
-0.231445	0.971924	0.236572
-0.216553	1.009277	0.275146
-0.335205	1.194580	0.233154
-0.065918	1.103027	0.223877
0.339600	1.070801	0.183105
0.322021	1.148926	0.007324
0.120605	1.060547	-0.328857
-0.137207	0.961670	-0.561279
-0.400146	1.020508	-0.251953
-0.380859	0.852051	0.097412
0.124023	0.790527	0.271729
0.254883	1.213623	0.482666
0.248779	1.589111	0.683350
0.021973	1.531982	0.687744
0.060547	1.299072	0.215332
-0.101807	1.151123	-0.502197
0.032715	1.087891	-0.151367
-0.079590	0.906494	0.027588
-0.313232	0.880127	-0.013184
-0.415283	0.981689	0.096680
-0.213867	0.758789	0.125488
0.087646	0.568848	0.036377
0.088379	0.633301	0.001465
-0.138672	0.729980	-0.056152
-0.183105	0.732178	0.003906
-0.188477	0.696289	0.063965
-0.171875	0.675049	0.078369
-0.094238	0.663086	0.043213
0.065674	0.696289	-0.054199
0.284912	0.803467	-0.162598
0.676758	1.249023	-0.832275
1.358887	1.687988	-0.347656
1.475586	1.739502	-0.222168
0.675293	1.088379	-0.120605
0.250977	0.848633	0.071777
0.152588	0.989502	0.127197
0.215332	1.364502	-0.403320
-0.145752	1.437256	-0.407959
-0.326904	1.147217	0.013672
-0.583008	0.864990	0.335449
-0.342529	0.934326	0.207764
-0.135986	1.107178	0.199951
-0.041504	0.996338	0.154297
-0.009521	0.826904	0.138428
0.050293	0.781494	0.244385
0.110840	0.812256	0.294189
0.224365	0.920410	0.327393
0.176025	0.934570	0.392090
0.338623	0.926025	0.409424
0.370361	0.811523	0.465820
0.127441	0.915771	0.440674
-0.006836	0.916260	0.314941
-0.107666	0.917725	0.213379
-0.590820	0.898682	-0.192627
-0.304688	0.983643	-0.065674
0.105713	0.975098	-0.035400
0.093750	1.005859	0.097412
0.192383	1.079590	0.108398
0.195801	1.016846	0.082764
0.294922	0.926514	0.084229
0.248291	0.963623	0.074707
0.041748	1.007812	0.010254
0.023193	0.990723	0.094727
0.050537	0.929199	0.060303
0.130371	0.924561	0.085449
0.149170	0.895264	0.109375
0.089355	0.876465	0.133301
0.027588	0.877930	0.149414
-0.040771	0.952881	0.198486
-0.032471	1.087646	0.253906
0.004883	1.193115	0.324463
0.109131	1.253662	0.344971
0.350586	1.111084	0.095703
0.613037	0.903320	-0.660156
-0.104004	0.880127	-0.561768
-0.143066	0.899170	-0.098877
0.167969	0.992920	0.494873
-0.195312	0.958496	0.392578
0.274170	1.125244	0.469727
0.366699	1.361572	0.609375
0.132812	1.375977	0.626465
0.219971	1.160889	0.176270
0.106689	1.090332	0.060303
0.114258	0.958740	0.072754
0.107910	0.957275	0.118164
-0.122803	0.884277	0.239502
-0.312256	0.779053	0.111572
-0.135498	0.872803	-0.054688
0.043701	0.979004	0.010986
-0.032227	0.897217	0.392822
-0.194092	0.776367	0.437256
-0.223633	0.835938	0.359863
-0.218506	0.872314	0.229492
-0.194092	0.892822	0.134521
-0.205322	0.895996	0.039307
-0.307861	0.922852	-0.031006
-0.182373	1.141846	-0.276611
-0.021729	1.322021	-0.753662
0.241699	1.212158	-0.370361
0.757568	1.279297	-0.197021
0.329834	0.960938	0.430908
-0.270752	0.922852	0.555908
-0.938721	1.258301	0.451172
-0.904053	1.051025	-0.128174
-0.185547	1.144043	-0.137695
0.333008	1.289307	0.057373
0.461914	0.940430	-0.050293
0.346924	0.718750	-0.016113
0.215088	0.787842	0.068604
0.193115	0.932129	0.041504
0.185547	1.004639	0.002441
0.238281	1.049561	-0.031982
0.260742	0.978516	0.014893
0.247070	0.916748	0.114258
0.230957	0.963867	0.153320
0.225342	1.013184	0.230713
0.142578	0.989990	0.281738
-0.031006	0.957031	0.237061
-0.296143	0.973633	0.197021
-0.143555	0.954102	0.423828
0.373291	0.666748	0.694824
0.273438	0.541992	0.838623
-0.257324	0.631836	0.603516
-0.618164	0.835449	0.281738
-0.463867	1.092041	-0.024170
-0.059814	1.111572	-0.127686
0.444824	1.129395	0.012207
0.521729	1.141602	0.352539
0.202393	0.975342	0.400635
-0.283936	0.772705	0.347168
-0.272949	0.752930	0.431885
-0.405762	0.895264	0.228760
-0.498535	0.880371	0.165527
-0.279053	0.833008	0.213135
-0.008057	0.857422	0.283203
0.121338	0.892578	0.317627
0.061523	0.955078	0.301758
-0.162598	0.958496	0.119873
-0.084229	0.918945	0.006836
-0.245850	0.893066	-0.093018
-0.300293	1.112549	-0.215332
-0.391846	1.313721	-0.277832
-0.062500	1.479004	-0.224854
0.266113	1.263916	-0.082764
0.253418	1.021484	0.354980
-0.529785	0.765869	-0.027588
-0.153809	1.075684	0.127197
-0.060791	1.065430	0.104492
-0.001221	1.040771	0.174561
-0.107178	1.031250	0.198975
-0.338135	1.093262	0.377930
-0.166260	0.970703	0.069580
-0.121826	0.952393	-0.199707
-0.245605	1.051025	-0.337402
-0.115723	1.135986	-0.120850
0.043701	0.952881	-0.072021
-0.169922	0.993408	-0.100830
-0.263672	0.937744	-0.108643
-0.247314	0.724365	-0.077148
-0.190430	0.726074	-0.091064
-0.195801	0.721924	-0.137207
-0.224854	0.689941	-0.086670
-0.192627	0.657471	-0.032471
-0.055176	0.711914	-0.010498
0.197021	0.806885	-0.091553
0.434814	1.086914	-0.229736
0.724854	1.289551	0.002441
0.651611	1.428955	0.496826
0.542725	1.225586	0.463379
0.335938	0.879150	0.162109
0.146729	1.132080	0.022461
-0.239990	1.814209	-0.753906
-0.416748	1.591309	-0.365234
0.168945	1.374512	0.266602
0.079102	0.938965	0.228516
-0.062500	0.589355	0.099609
-0.025391	0.421387	0.009766
-0.055664	0.571289	0.055176
-0.142578	0.857178	0.082520
-0.211670	1.102783	0.194580
-0.220459	1.042236	0.201172
-0.162354	0.840576	0.135986
-0.174072	0.765625	0.116699
-0.230713	0.874512	0.221924
-0.303711	0.911621	0.367432
-0.350098	0.903809	0.608154
-0.391113	0.972168	0.422607
-0.181396	0.895996	0.152832
-0.114014	0.816162	0.070068
-0.072998	0.840820	0.032959
-0.081543	0.971680	0.100586
-0.075439	1.020264	0.109375
-0.109619	0.953613	0.124512
-0.116699	0.938477	0.157715
-0.156494	0.958740	0.105469
-0.142822	0.991943	0.033203
-0.157959	0.965576	0.066650
-0.143311	0.958740	0.117432
-0.050537	0.981934	0.079346
-0.002930	0.991699	0.100098
0.074951	0.926025	0.159424
0.118408	0.966553	0.228760
0.113770	1.033203	0.284424
0.179443	0.968750	0.336426
0.120605	0.884521	0.312744
-0.110596	0.884033	0.175049
-0.345215	1.154053	0.094727
-0.287598	1.171143	0.243164
0.145020	1.076660	0.331055
0.242676	1.079346	0.188721
0.419922	1.036377	-0.843018
0.042725	0.966309	-0.619141
-0.231445	0.891357	-0.189209
-0.200684	0.846680	0.026611
-0.158691	1.119385	0.240967
-0.360840	1.464600	0.540771
-0.606445	1.613037	0.444092
-0.383545	1.566895	-0.426025
-0.110840	1.321045	-0.017822
-0.220947	1.144531	0.026123
-0.162109	0.951660	0.061035
-0.087646	0.746338	-0.095947
-0.070801	0.805176	-0.081787
0.014648	0.921875	0.067383
-0.122314	0.807617	-0.185059
-0.068359	0.782471	-0.199219
-0.082031	0.708008	-0.040283
-0.216797	0.679932	0.024902
-0.250488	0.759521	-0.061768
-0.222412	0.779297	-0.040039
-0.154053	0.748535	-0.011719
-0.102295	0.755859	0.039795
0.010742	0.751221	0.068848
0.242188	0.831543	0.106689
0.434082	1.112549	0.242188
0.664795	1.339355	0.371338
0.530518	1.150879	0.418213
0.336426	0.892090	0.314941
0.391602	0.823242	0.308594
0.482666	0.908203	0.370850
0.492432	1.100098	0.313721
-0.032471	1.627930	0.133057
-0.217529	1.654053	-0.428467
-0.466553	1.507324	0.215332
0.042236	0.989990	0.131592
-0.224121	0.680420	0.126221
-0.158203	0.500977	0.046143
-0.055176	0.592285	0.000488
-0.142334	0.859863	-0.078857
-0.235840	1.159180	-0.061768
-0.285156	1.115723	-0.018555
-0.314453	0.843994	0.026123
-0.312988	0.781006	0.134766
-0.376465	0.904297	0.264648
-0.554443	1.000244	0.338379
-0.494385	0.973145	0.447510
-0.276367	0.931641	0.260742
-0.141113	0.899658	0.142578
-0.067383	0.878174	0.076904
0.003174	0.991211	0.120605
0.074707	1.025391	0.102783
0.118408	0.989258	0.098145
0.130859	0.978516	0.069336
-0.060059	0.939453	-0.011963
-0.192871	0.935059	0.004883
-0.167236	0.959961	0.005371
-0.130615	0.971680	0.045166
-0.156982	0.970215	0.065918
-0.146729	0.951416	0.114990
-0.062012	0.965088	0.148926
-0.054688	0.960205	0.211182
-0.035156	0.951904	0.237061
0.041016	0.940918	0.230713
0.098145	0.912598	0.175293
0.007324	0.895752	0.102539
-0.090576	0.900391	0.145752
-0.144043	0.990967	0.212646
-0.210205	1.071289	0.252441
-0.289062	1.128906	0.136963
-0.326904	1.252197	-0.170654
-0.254395	1.204834	-0.294189
-0.089111	0.946533	-0.078857
0.083252	0.889404	-0.096191
0.183594	0.882324	-0.242432
0.180420	0.942871	-0.204346
0.100830	1.009766	-0.121094
-0.049072	1.200439	-0.102051
-0.359619	1.242188	-0.099121
-0.513184	1.267090	-0.023926
-0.587646	1.289307	0.023193
-0.450439	1.194092	0.070068
-0.210205	1.089355	-0.018555
-0.052246	1.044434	-0.059570
0.012207	0.989014	-0.038330
-0.041748	0.823486	-0.090088
-0.049561	0.683838	0.016846
-0.061035	0.520996	0.155518
-0.122559	0.704834	0.268311
-0.358887	0.966309	0.307861
-0.256836	0.938232	0.210693
-0.144043	0.985107	0.042969
-0.222900	0.853271	0.072510
-0.153076	0.755859	0.067383
0.045166	0.856201	0.114990
0.082764	0.890625	0.132568
-0.045898	0.970459	0.258301
-0.010254	0.886963	0.290283
0.025635	0.833984	0.389404
0.119873	0.761230	0.509277
0.199707	0.759521	0.669189
0.171631	0.870850	0.713867
-0.083496	1.338135	0.490479
-0.125488	1.264404	0.332275
-0.075684	1.395264	0.234619
-0.073486	1.140869	0.167969
-0.001221	0.841064	0.158447
0.112061	0.480957	0.226807
0.012939	0.530762	0.192871
-0.360107	0.733643	0.115479
-0.555664	0.743896	0.113037
-0.542969	0.702637	0.209229
-0.410645	0.699463	0.342285
-0.354492	0.778809	0.358154
-0.347900	0.821045	0.341309
-0.374023	0.864502	0.391113
-0.401855	0.809082	0.445068
-0.514893	0.742920	0.561523
-0.465332	0.658203	0.576660
-0.358887	0.733887	0.391602
-0.437500	0.703857	0.298828
-0.480713	0.702393	0.416260
-0.439209	0.731934	0.457275
-0.429443	0.755615	0.520996
-0.350586	0.729980	0.474609
-0.242188	0.784180	0.387939
-0.184082	0.831055	0.359375
-0.166504	0.829346	0.354736
-0.179199	0.849121	0.385498
-0.162354	0.864990	0.361084
-0.134521	0.783936	0.382568
-0.139893	0.701660	0.516357
-0.099365	0.714600	0.619629
-0.077637	0.793457	0.633301
-0.166504	0.816162	0.507324
-0.230957	0.782715	0.431396
-0.288574	0.713379	0.405029
-0.321533	0.710205	0.328857
-0.341064	0.800049	0.281006
-0.303223	0.905273	0.270264
-0.306152	1.024902	0.302979
-0.358643	1.041992	0.391846
-0.383301	0.959717	0.412109
-0.489990	0.840576	0.432373
-0.494873	0.754395	0.452881
-0.337158	0.682861	0.392334
-0.179443	0.792725	0.336426
-0.160645	0.826172	0.338623
-0.069092	0.909424	0.369629
-0.122070	0.797119	0.457520
-0.126221	0.815186	0.440430
-0.108398	0.791260	0.458496
-0.075439	0.793213	0.469727
0.091309	0.777344	0.374023
0.226562	0.796143	0.196289
0.271240	0.776855	0.050537
0.014160	0.753418	0.061523
-0.154785	0.678711	0.211914
-0.088623	0.609619	0.362305
-0.014160	0.557129	0.459717
0.066895	0.573242	0.458008
0.131836	0.628174	0.411865
0.203613	0.739502	0.388428
0.263916	0.888916	0.395996
0.316162	1.019775	0.514648
0.377930	1.073486	0.621582
0.421875	1.097412	0.612305
0.543213	1.087646	0.374512
0.326172	1.209229	0.287354
-0.015869	1.294189	0.443115
-0.231689	1.325439	0.392822
-0.092285	1.381592	0.347900
-0.244141	1.073975	0.268799
-0.227051	0.774170	0.118652
-0.153320	0.574463	0.066895
-0.112793	0.500244	0.082031
-0.176025	0.532715	0.205811
-0.196045	0.658447	0.428223
-0.227051	0.705322	0.669434
-0.169189	0.662598	0.868652
-0.001709	0.507324	1.063232
-0.070068	0.495850	1.217529
-0.182373	0.531494	1.213379
-0.231445	0.566406	1.029297
-0.161133	0.610596	0.734375
-0.152344	0.721924	0.415039
-0.117188	0.786133	0.329590
0.576416	0.955322	-0.844238
-0.120850	0.855713	0.403564
0.206299	0.854004	0.606934
0.429688	1.027100	0.657959
0.601562	1.042236	0.133545
0.243164	0.970703	0.185791
-0.058105	0.868896	0.304199
-0.138184	0.825684	0.378418
-0.133789	0.815674	0.378906
-0.088623	0.833008	0.380859
-0.058105	0.818115	0.405518
-0.069336	0.830322	0.432129
-0.030029	0.848145	0.391602
0.048828	0.838135	0.359619
0.126709	0.801758	0.359619
0.110840	0.809082	0.381592
0.075928	0.830078	0.426270
0.135010	0.822510	0.477783
0.119873	0.948975	0.560059
0.094727	1.055176	0.634521
0.029541	0.998779	0.524414
-0.387939	1.040771	0.264648
-0.462891	1.046143	0.289551
-0.249268	0.877686	0.232666
-0.000488	0.780029	-0.065918
0.036377	0.928467	-0.330078
0.003662	0.927979	-0.231689
-0.283936	0.968506	0.089600
-0.496582	1.010498	0.408936
-0.476807	1.030273	0.724121
-0.310059	1.304932	0.722168
-0.024170	1.462646	0.142822
0.184082	1.393066	-0.247559
-0.045654	1.216309	-0.237793
-0.139404	0.983887	-0.046143
-0.215088	0.873047	-0.039307
-0.308105	0.828125	0.038574
-0.364746	0.732910	-0.005859
-0.037598	0.687256	0.065674
0.045654	0.721680	-0.023926
-0.033203	0.792725	-0.074707
-0.107178	0.772705	-0.046631
-0.165771	0.763428	-0.052734
-0.154785	0.720215	0.014648
-0.164551	0.677979	0.066895
-0.135254	0.671631	0.092041
-0.064697	0.693604	0.078369
0.089355	0.708984	0.095215
0.199219	0.792480	0.050537
0.189941	1.065186	0.041504
0.624512	1.423096	-0.032227
1.254150	1.768555	-0.126709
1.132080	1.625488	-0.200684
0.670410	1.144043	-0.341064
-0.014160	1.352295	-0.323486
-0.621826	1.741455	-0.620117
-0.147949	1.359375	-0.308350
-0.072998	1.117188	0.314697
-0.315918	0.741943	0.215820
-0.335449	0.562500	0.101318
-0.238525	0.530273	0.061768
-0.188477	0.725830	0.180176
-0.129150	0.979248	0.423340
-0.078125	1.033203	0.534180
0.156006	0.801270	0.535645
0.332275	0.693359	0.638916
0.185059	0.752686	0.785400
-0.004639	0.884521	0.788818
-0.177979	0.943848	0.599365
-0.172119	0.891113	0.279785
-0.124023	0.886475	0.121338
-0.068848	0.907715	0.033691
0.174805	1.093262	-0.238770
-0.004883	1.086182	-0.155762
0.080322	1.021240	0.053955
0.227295	0.937744	0.299072
0.324463	0.894287	0.397949
0.118652	0.869873	0.374023
-0.031982	0.924316	0.135742
-0.193604	0.994141	0.017578
-0.016113	0.930664	0.072998
0.072021	0.924561	0.037598
0.193848	0.944092	0.109375
0.239014	0.955322	0.234375
0.212158	0.801514	0.201660
0.358643	0.858154	0.275635
0.047607	0.714111	0.225586
-0.002686	0.913086	0.253906
-0.297119	1.251953	0.276367
-0.180908	1.503418	0.531982
-0.263428	1.311035	0.457275
-0.061035	0.999756	0.033691
-0.056885	0.946045	-0.457031
-0.256592	0.877930	-0.416260
-0.483398	0.782227	-0.091797
-0.445312	0.857910	0.285400
-0.173828	1.017090	0.534912
-0.170654	1.188232	0.575195
-0.200928	1.272217	0.246338
0.101318	1.253906	-0.020020
-0.055176	1.090820	-0.090332
-0.108643	0.961670	-0.094238
-0.220947	0.915527	0.035400
-0.237793	0.932373	0.169922
-0.342773	0.924072	0.238770
-0.214355	0.830322	0.126953
-0.079590	0.776855	-0.029785
-0.058105	0.747070	-0.101318
-0.107422	0.784424	-0.119141
-0.161377	0.748535	-0.045410
-0.210938	0.694824	0.026855
-0.199463	0.623047	0.071045
-0.152832	0.641357	0.051758
-0.079102	0.674805	0.001953
0.085449	0.828613	-0.155029
0.311768	1.029541	-0.342041
0.639160	1.433838	-0.424316
0.981445	1.700439	-0.243896
0.664795	1.438232	-0.226074
0.470703	1.218262	-0.053711
0.160889	1.072021	0.150146
0.036621	1.321533	0.018066
-0.241699	1.727051	-0.551270
-0.382324	1.243652	0.052734
-0.360352	0.695801	0.448730
-0.431641	0.406006	0.129150
-0.450684	0.694580	0.027588
-0.189453	0.982422	0.224609
-0.013184	0.972168	0.373291
-0.026367	0.886963	0.406738
-0.016357	0.838135	0.367188
-0.016846	0.792480	0.355957
0.040039	0.845947	0.426514
0.077148	0.875244	0.420654
0.095947	0.939941	0.435303
0.178955	0.886475	0.386719
0.145752	0.833252	0.330811
-0.039062	0.889893	0.263672
-0.080811	0.958008	0.159424
-0.206543	0.992920	0.071045
-0.354736	1.027832	-0.034180
-0.193359	1.094482	0.012695
-0.061279	0.976074	0.022461
0.014160	0.989014	0.107422
0.090820	0.903076	0.197266
0.192871	0.885498	0.276611
0.169189	0.940186	0.295410
-0.059082	0.963623	0.230469
-0.156250	0.942383	0.005615
0.048096	0.996582	-0.052246
0.128906	1.011719	0.064941
0.152344	0.942383	0.140625
0.106689	0.869141	0.202881
0.045654	0.830811	0.211182
-0.003418	0.840820	0.189209
-0.068359	0.839111	0.210693
-0.056885	0.968994	0.338379
0.006592	1.061279	0.463135
0.018311	1.106689	0.461426
0.039062	1.099365	0.394043
0.051758	0.970703	0.199219
0.309814	0.925293	-0.440918
-0.149414	0.944824	-0.580566
0.136719	0.930908	-0.440918
-0.361328	0.846924	-0.133057
0.045654	1.235596	0.710693
-0.042480	1.012695	0.462646
0.218018	1.183350	0.812256
0.162109	1.222412	0.844238
0.085693	1.243652	0.554932
-0.398193	1.105469	-0.143799
0.037354	0.920166	0.125244
0.221436	0.891846	0.293213
-0.242920	0.895508	0.086182
-0.424316	0.794189	0.163574
-0.200439	0.733643	0.124756
-0.041016	0.806152	-0.037842
-0.015137	0.893799	0.009521
-0.099854	0.940186	0.101807
-0.279785	0.851807	0.125000
-0.386475	0.677734	0.149414
-0.375244	0.652832	0.105713
-0.356201	0.655762	0.016846
-0.249268	0.813721	-0.163330
-0.003906	1.168701	-0.645264
0.304688	1.538330	-0.833008
0.709961	1.616211	-0.530762
0.888184	1.654297	0.092285
-1.126465	0.720947	0.422363
-0.757080	0.559082	0.927002
-0.504883	1.235840	1.087158
-1.125244	1.006104	-0.060547
-0.085938	1.195557	0.141357
0.817383	1.667969	-0.042725
0.881104	0.753174	-0.542480
0.251221	0.498535	-0.186035
-0.037109	0.790527	0.070557
-0.012207	1.014160	0.428711
-0.169922	0.953857	0.456299
-0.114502	0.909668	0.378662
0.163330	0.845215	0.442383
0.154053	0.807129	0.561035
-0.174072	0.968994	0.277344
-0.140381	0.804443	0.344238
-0.450439	0.778320	0.279297
-0.231201	0.908691	0.117188
-0.021484	0.967041	0.137451
0.064941	1.009277	0.158936
-0.017334	0.890137	0.151123
0.117432	1.036865	0.052734
0.094238	1.099121	0.126221
0.092773	0.968262	0.286621
0.111572	0.827148	0.376221
0.007812	0.748535	0.429443
-0.037598	0.774414	0.553955
-0.184570	0.845459	0.569092
-0.427979	0.831787	0.468994
-0.549072	0.753906	0.444824
-0.370605	0.760986	0.575439
-0.273682	0.809326	0.621338
-0.090820	0.839111	0.383545
-0.103271	0.911621	0.225830
-0.121338	0.903809	0.156494
-0.149902	0.874756	0.065186
-0.202637	0.938477	0.016113
-0.175049	0.970215	-0.017334
-0.073975	0.978760	-0.120605
0.017334	1.008545	-0.313232
-0.098877	1.248291	-0.180420
-0.021484	1.293213	0.170898
-0.063232	1.352051	-0.088379
0.104248	1.322021	0.093750
0.176758	1.141357	0.112305
-0.046631	1.043457	0.337158
-0.562744	0.603516	0.560303
-0.397949	0.447266	0.558105
-0.048340	0.929199	0.147461
1.031982	1.651855	-1.262451
-0.329102	1.173584	0.118408
-0.215332	0.900146	-0.024658
-0.313721	0.912354	0.031982
-0.174316	1.002441	-0.090820
-0.232178	0.988525	0.000244
-0.228271	0.955078	-0.018799
-0.259277	0.861328	-0.134277
-0.244873	0.839355	-0.153564
-0.231934	0.773438	-0.134766
-0.153320	0.734131	-0.189941
-0.142822	0.729980	-0.136230
0.067871	0.766846	-0.023193
0.215332	0.845703	-0.153564
0.360840	1.137695	-0.546387
0.568359	1.312988	-0.078857
0.604248	1.289551	0.227539
0.663086	1.137451	0.165527
0.599609	0.967529	0.034180
-0.080566	1.401367	0.248535
-0.571045	1.638672	-0.046631
-0.371094	1.627930	-0.321777
-0.208008	1.230713	0.347412
-0.094727	0.743652	0.256592
-0.109375	0.443604	0.035400
-0.050781	0.428711	-0.033203
-0.152344	0.660645	-0.073486
-0.242188	1.058594	0.166016
-0.256104	1.136230	0.260498
-0.217285	0.885254	0.210938
-0.125488	0.717285	0.181885
-0.107910	0.782715	0.187744
-0.111084	0.874268	0.369873
-0.701904	1.128662	0.628418
-0.546387	1.057129	0.390381
-0.074707	0.847168	0.197266
-0.052979	0.763428	0.097900
-0.009277	0.889404	0.182129
0.016846	0.979736	0.274414
0.093506	0.979004	0.351807
0.160156	0.907471	0.255371
0.162598	0.906982	0.048340
-0.371094	1.171143	-0.680176
-0.124268	0.919189	0.335205
-0.095459	0.914551	0.130615
-0.148438	0.953125	0.097168
0.031738	0.941162	0.100098
0.145508	0.947510	0.199219
0.178467	0.926025	0.314209
0.182129	0.842773	0.352783
-0.051514	0.801025	0.235107
-0.249756	0.942871	0.224121
-0.321533	1.235107	0.151123
-0.226318	1.400391	0.306641
-0.033936	1.391846	0.387451
-0.056396	1.232178	0.050049
-0.016357	0.983398	-0.290039
0.019287	0.934570	-0.589844
-0.228271	0.849609	-0.272461
-0.291992	0.743896	-0.024170
-0.149170	0.927002	0.242920
-0.345215	1.249756	0.294678
-0.587646	1.444336	0.052002
-0.400146	1.273926	-0.019531
-0.040039	1.042725	0.014648
0.144531	1.034424	0.022461
-0.051270	1.065186	-0.038086
-0.339844	1.037354	-0.094971
-0.520996	1.020996	-0.085693
-0.324219	0.917725	-0.065674
-0.079102	0.819824	-0.148926
0.044434	0.791504	-0.153076
-0.043945	0.817627	-0.236572
-0.192139	0.789062	-0.213135
-0.207275	0.770996	-0.164551
-0.225342	0.739014	-0.101807
-0.219482	0.681641	-0.049072
-0.188232	0.650391	-0.002441
-0.105957	0.646240	0.048340
-0.028076	0.741211	0.080322
0.288086	0.909668	0.128174
0.526123	1.092529	0.330322
0.715332	1.272217	0.604492
0.676758	1.220947	0.546875
0.686279	1.124023	0.435547
0.727295	1.187988	0.270996
0.308838	1.651367	0.166992
-0.203369	1.999939	-2.000000
-0.110107	1.382812	0.410156
-0.223389	0.650391	0.176514
-0.562744	0.321289	-0.261719
-0.360840	0.371826	-0.434326
-0.072754	0.653809	-0.098877
-0.117676	0.998779	-0.044189
-0.235840	1.144043	0.047852
-0.339844	0.996582	0.062012
-0.358887	0.907471	0.121582
-0.321533	0.899902	0.197021
-0.345459	0.926025	0.331543
-0.385986	0.894531	0.473633
-0.436279	0.916992	0.600586
-0.474121	0.868408	0.426025
-0.249268	0.829590	0.172119
-0.147461	0.875977	0.090576
-0.124268	0.913086	0.102783
-0.082031	0.949707	0.157959
-0.061768	0.965820	0.229492
-0.024902	0.943115	0.286133
0.047607	0.905518	0.310547
0.082520	0.905762	0.329346
0.093018	0.956543	0.317139
0.092285	0.989746	0.267822
0.074951	1.001953	0.161621
0.017090	0.951904	0.052246
-0.097900	0.940918	-0.057129
-0.183594	0.943848	-0.056641
-0.160400	0.920898	0.073730
-0.094971	0.948486	0.199463
-0.085205	0.925293	0.302490
-0.108398	0.907471	0.430908
-0.137207	0.932373	0.540039
-0.123047	1.026611	0.688965
-0.102295	1.052490	0.615723
-0.015137	0.959229	0.269043
-0.028809	0.890869	0.090820
-0.029541	0.876221	-0.060303
-0.039307	0.939453	-0.079834
-0.149414	1.015625	-0.151123
0.082275	0.998047	-0.388428
-0.302979	1.185059	-0.550537
-0.202637	1.120361	-0.047852
-0.359375	1.175049	0.313477
-0.470215	1.280762	0.059570
-0.242676	1.100342	-0.003662
-0.153809	1.091064	0.000488
-0.139404	1.035645	-0.018799
-0.107178	0.957275	0.022217
0.032471	0.853271	0.054199
0.061279	0.859619	0.048584
0.196777	0.916260	-0.015137
0.077637	0.918945	-0.031250
0.018799	0.911865	-0.019531
0.025146	0.896240	0.014648
0.004639	0.893311	-0.001221
-0.009033	0.859375	0.009033
-0.008545	0.825928	0.036865
0.049805	0.814453	0.034668
-0.022461	0.791504	0.104736
0.021484	0.807129	0.161865
0.135986	0.847412	0.148682
0.092773	0.927490	0.224609
0.180664	0.867188	0.144287
0.303223	0.910400	-0.021729
0.467041	1.245117	-0.048096
0.704834	1.600830	-0.010498
0.701416	1.880371	0.084717
0.615967	1.396240	-0.036621
0.421631	0.761230	-0.260498
0.019775	0.575684	-0.241699
-0.518799	0.729736	-0.118652
-0.861816	1.079590	0.048828
-0.545654	1.046631	0.144043
-0.193359	0.797363	0.160645
0.031250	0.743896	0.203857
0.155273	0.833496	0.371826
0.205811	1.028564	0.455322
0.209717	1.003418	0.530273
0.398926	0.842285	0.566406
0.435791	0.777832	0.656738
0.104248	0.873535	0.557129
0.037598	0.825928	0.442383
-0.025146	0.853760	0.367676
-0.050537	0.895752	0.323975
-0.023682	0.988281	0.321289
-0.038574	0.998047	0.323730
-0.013184	0.984375	0.285156
0.025146	0.918701	0.212891
0.208496	0.931396	0.216553
0.272949	0.944336	0.364990
0.265137	0.914307	0.387695
0.061768	0.917969	0.124756
-0.282715	1.049316	-0.037109
-0.063721	0.973145	0.067627
0.022217	0.967041	0.088867
0.170410	0.924561	0.078613
0.308350	0.900391	0.198486
0.243652	0.932617	0.309326
0.185059	0.905273	0.343018
0.174561	0.861816	0.266357
-0.063965	0.982910	0.301514
-0.195557	1.021973	0.417480
-0.118896	1.231934	0.323975
-0.142578	1.114990	0.229248
0.022461	1.102051	0.097412
0.075684	1.160156	-0.022461
0.139160	0.915771	-0.339844
-0.062744	0.664062	-0.477539
-0.348633	0.653076	-0.062744
-0.274658	0.821289	0.265137
0.016846	1.047119	0.390137
-0.112549	1.321045	0.521729
-0.153076	1.781982	0.504150
-0.008789	1.508057	0.308838
0.084229	1.153809	0.004639
0.164307	1.061768	-0.246338
-0.078613	1.039307	-0.110596
-0.308838	0.975586	0.019043
-0.397705	0.970459	0.126709
-0.312500	0.938965	0.247803
-0.147949	0.718262	0.140381
0.132568	0.644043	0.031738
-0.042236	0.711182	-0.093994
-0.205322	0.736572	-0.050781
-0.246582	0.677246	0.078125
-0.254883	0.663574	0.133301
-0.208252	0.630127	0.119873
-0.125244	0.629883	0.023682
0.068359	0.698730	-0.079102
0.398438	0.950928	-0.389893
0.735352	1.565186	-0.683350
1.069824	1.665283	0.125732
0.561279	1.263428	0.101562
0.686523	0.852783	-0.272461
0.428955	0.991699	-0.065430
0.015137	1.508301	0.157227
-0.325439	1.713867	-0.530029
-0.313721	1.556641	-0.155273
-0.178223	1.109375	0.277832
-0.300537	0.718018	0.102051
-0.213379	0.513916	-0.009033
-0.218506	0.512207	-0.024658
-0.333008	0.741699	0.054199
-0.223633	0.990479	0.341064
-0.125732	1.053223	0.428223
0.081299	1.002686	0.431641
0.359619	0.847900	0.553711
0.444824	0.658447	0.718262
0.541992	0.722900	0.893799
0.000488	0.887695	0.638672
-0.157227	1.011963	0.383789
-0.211670	1.063721	0.194092
0.252197	1.176270	-0.458496
-0.127197	1.101562	-0.477051
0.253906	0.999756	-0.389648
0.033203	0.958496	-0.217285
-0.152344	0.928711	0.165527
0.125977	0.890869	0.498047
0.487061	0.810303	0.767334
-0.056396	0.936035	0.217773
-0.125244	1.019531	-0.070068
0.144531	1.024658	-0.066895
0.253174	1.025635	-0.078125
0.228271	1.025879	-0.022705
0.164551	0.916748	0.088135
0.167725	0.775146	0.234131
0.046875	0.756348	0.251465
-0.051758	0.802734	0.266602
0.003662	1.056885	0.317383
-0.040039	1.183594	0.421387
-0.043701	1.337402	0.429199
0.159912	1.295898	0.063232
0.163086	1.076172	-0.466064
-0.003174	0.977051	-0.569580
0.014893	0.880371	-0.215820
-0.450684	0.656738	-0.135742
-0.183350	1.049805	0.624023
-0.041748	1.122314	0.579346
0.304932	1.489502	0.630371
0.182861	1.408447	0.498047
0.255371	1.113525	0.278320
0.005615	1.054688	0.016113
0.001709	1.008545	0.080566
0.022217	1.020752	0.019775
-0.271484	0.909424	0.160889
-0.195557	0.799316	0.144531
-0.023193	0.786133	-0.079346
0.042236	0.881104	-0.210693
-0.031006	0.966064	-0.063965
-0.098389	0.821289	0.246338
-0.280762	0.629883	0.267090
-0.370117	0.619141	0.148438
-0.333496	0.637939	0.125732
-0.143311	0.664795	0.005127
-0.086182	0.910400	-0.155273
0.041992	1.085693	-0.355713
0.461670	1.431396	-1.127686
